% The first data line in this file contains the day count (n)
% The remaining lines are data values for s0...sn and x0...xn respectively, 
% separated by a space.
100
100 2
99 4
98 50
97 69
96 3
95 7
94 80
93 42
92 36
91 3
90 4
89 1
88 90
87 200
86 5
85 6
84 8
83 30
82 65
81 72
80 72
79 11
78 15
77 80
76 3
75 5
74 7
73 20
72 54
71 72
70 15
69 71
68 38
67 57
66 34
65 67
64 17
63 23
62 85
61 43
60 27
59 27
58 27
57 27
56 76
55 43
54 23
53 19
52 97
51 156
50 21
49 54
48 78
47 32
46 12
45 76
44 92
43 43
42 52
41 28
40 35
39 76
38 23
37 75
36 24
35 97
34 23
33 63
32 78
31 72
30 3
29 7
28 7
27 86
26 5
25 55
24 63
23 1
22 34
21 21
20 73
19 22
18 1
17 8
16 10
15 22
14 94
13 54
12 84
11 55
10 61
9 12
8 13
7 65
6 12
5 1
4 3
3 88
2 5
1 2
